STATIONS_ID;MESS_DATUM;QN_4;TT_TER;RF_TER;eor
      19207;2023040100;    3;    7.0;  95.0;eor
      19207;2023040106;    3;    4.6;  91.0;eor
      19207;2023040112;    3;    4.4;  87.0;eor
      19207;2023040118;    3;    3.1;  71.0;eor
      19207;2023040200;    3;    1.9;  71.0;eor
      19207;2023040206;    3;    3.0;  68.0;eor
      19207;2023040212;    3;    7.5;  47.0;eor
      19207;2023040218;    3;    3.6;  63.0;eor
      19207;2023040300;    3;   -1.1;  85.0;eor
      19207;2023040306;    3;    0.8;  72.0;eor
      19207;2023040312;    3;    5.8;  40.0;eor
      19207;2023040318;    3;    3.1;  54.0;eor
      19207;2023040400;    3;   -2.5;  87.0;eor
      19207;2023040406;    3;   -3.0;  92.0;eor
      19207;2023040412;    3;    6.1;  48.0;eor
      19207;2023040418;    3;    4.3;  62.0;eor
      19207;2023040500;    3;   -2.3;  93.0;eor
      19207;2023040506;    3;   -0.8;  89.0;eor
      19207;2023040512;    3;    7.5;  53.0;eor
      19207;2023040518;    3;    4.8;  73.0;eor
      19207;2023040600;    3;   -0.8;  95.0;eor
      19207;2023040606;    3;   -3.0;  97.0;eor
      19207;2023040612;    3;   10.4;  34.0;eor
      19207;2023040618;    3;    8.4;  44.0;eor
      19207;2023040700;    3;    2.1;  77.0;eor
      19207;2023040706;    3;    0.2;  85.0;eor
      19207;2023040712;    3;    4.8;  80.0;eor
      19207;2023040718;    3;    4.5;  89.0;eor
      19207;2023040800;    3;    4.4;  92.0;eor
      19207;2023040806;    3;    3.8;  97.0;eor
      19207;2023040812;    3;    6.2;  88.0;eor
      19207;2023040818;    3;    6.9;  86.0;eor
      19207;2023040900;    3;    5.9;  87.0;eor
      19207;2023040906;    3;    4.7;  91.0;eor
      19207;2023040912;    3;    7.3;  80.0;eor
      19207;2023040918;    3;    7.1;  85.0;eor
      19207;2023041000;    3;    2.3;  89.0;eor
      19207;2023041006;    3;    1.8;  91.0;eor
      19207;2023041012;    3;   16.0;  41.0;eor
      19207;2023041018;    3;   13.7;  53.0;eor
      19207;2023041100;    3;   12.3;  52.0;eor
      19207;2023041106;    3;    8.4;  93.0;eor
      19207;2023041112;    3;   10.0;  71.0;eor
      19207;2023041118;    3;    7.1;  85.0;eor
      19207;2023041200;    3;    2.9;  96.0;eor
      19207;2023041206;    3;    3.6;  90.0;eor
      19207;2023041212;    3;   12.9;  46.0;eor
      19207;2023041218;    3;    8.8;  86.0;eor
      19207;2023041300;    3;    8.2;  94.0;eor
      19207;2023041306;    3;    5.2;  91.0;eor
      19207;2023041312;    3;   10.7;  65.0;eor
      19207;2023041318;    3;   11.2;  67.0;eor
      19207;2023041400;    3;    4.0;  94.0;eor
      19207;2023041406;    3;    5.6;  89.0;eor
      19207;2023041412;    3;    8.8;  91.0;eor
      19207;2023041418;    3;    6.4;  94.0;eor
      19207;2023041500;    3;    7.0;  98.0;eor
      19207;2023041506;    3;    7.4;  94.0;eor
      19207;2023041512;    3;   12.6;  67.0;eor
      19207;2023041518;    3;   10.5;  77.0;eor
      19207;2023041600;    3;    7.2;  89.0;eor
      19207;2023041606;    3;    6.9;  90.0;eor
      19207;2023041612;    3;   10.7;  75.0;eor
      19207;2023041618;    3;    9.3;  72.0;eor
      19207;2023041700;    3;    5.3;  94.0;eor
      19207;2023041706;    3;    6.0;  85.0;eor
      19207;2023041712;    3;    9.9;  64.0;eor
      19207;2023041718;    3;    7.9;  68.0;eor
      19207;2023041800;    3;    4.0;  83.0;eor
      19207;2023041806;    3;    5.1;  85.0;eor
      19207;2023041812;    3;   11.9;  59.0;eor
      19207;2023041818;    3;    9.0;  51.0;eor
      19207;2023041900;    3;    5.0;  62.0;eor
      19207;2023041906;    3;    6.6;  61.0;eor
      19207;2023041912;    3;   11.3;  35.0;eor
      19207;2023041918;    3;    9.1;  40.0;eor
      19207;2023042000;    3;    5.8;  78.0;eor
      19207;2023042006;    3;    5.8;  89.0;eor
      19207;2023042012;    3;   12.3;  69.0;eor
      19207;2023042018;    3;   10.9;  67.0;eor
      19207;2023042100;    3;    6.5;  81.0;eor
      19207;2023042106;    3;    7.5;  74.0;eor
      19207;2023042112;    3;   18.4;  42.0;eor
      19207;2023042118;    3;   13.0;  48.0;eor
      19207;2023042200;    3;    5.0;  82.0;eor
      19207;2023042206;    3;    8.4;  67.0;eor
      19207;2023042212;    3;   20.8;  35.0;eor
      19207;2023042218;    3;   18.8;  46.0;eor
      19207;2023042300;    3;   14.2;  56.0;eor
      19207;2023042306;    3;   12.1;  92.0;eor
      19207;2023042312;    3;   13.0;  65.0;eor
      19207;2023042318;    3;   15.2;  61.0;eor
      19207;2023042400;    3;   11.7;  74.0;eor
      19207;2023042406;    3;   12.2;  73.0;eor
      19207;2023042412;    3;   14.7;  60.0;eor
      19207;2023042418;    3;   11.1;  67.0;eor
      19207;2023042500;    3;    8.3;  82.0;eor
      19207;2023042506;    3;    6.7;  68.0;eor
      19207;2023042512;    3;    8.1;  53.0;eor
      19207;2023042518;    3;    7.4;  58.0;eor
      19207;2023042600;    3;    3.6;  79.0;eor
      19207;2023042606;    3;    4.5;  76.0;eor
      19207;2023042612;    3;   10.4;  47.0;eor
      19207;2023042618;    3;    7.5;  63.0;eor
      19207;2023042700;    3;    1.7;  86.0;eor
      19207;2023042706;    3;    4.0;  82.0;eor
      19207;2023042712;    3;    9.8;  44.0;eor
      19207;2023042718;    3;    8.1;  62.0;eor
      19207;2023042800;    3;    1.7;  91.0;eor
      19207;2023042806;    3;    4.7;  77.0;eor
      19207;2023042812;    3;   13.8;  34.0;eor
      19207;2023042818;    3;   12.9;  48.0;eor
      19207;2023042900;    3;    6.3;  94.0;eor
      19207;2023042906;    3;    7.5;  92.0;eor
      19207;2023042912;    3;   13.3;  48.0;eor
      19207;2023042918;    3;   10.8;  58.0;eor
      19207;2023043000;    3;    5.1;  78.0;eor
      19207;2023043006;    3;    6.0;  63.0;eor
      19207;2023043012;    3;   10.3;  51.0;eor
      19207;2023043018;    3;   10.1;  53.0;eor
      19207;2023050100;    3;    2.8;  89.0;eor
      19207;2023050106;    3;    7.0;  73.0;eor
      19207;2023050112;    3;   15.8;  36.0;eor
      19207;2023050118;    3;   16.0;  47.0;eor
      19207;2023050200;    3;    9.8;  69.0;eor
      19207;2023050206;    3;    7.2;  81.0;eor
      19207;2023050212;    3;    9.5;  52.0;eor
      19207;2023050218;    3;    9.5;  57.0;eor
      19207;2023050300;    3;    3.4;  82.0;eor
      19207;2023050306;    3;    6.1;  83.0;eor
      19207;2023050312;    3;   10.8;  53.0;eor
      19207;2023050318;    3;   10.0;  55.0;eor
      19207;2023050400;    3;    2.4;  94.0;eor
      19207;2023050406;    3;    6.4;  83.0;eor
      19207;2023050412;    3;   13.5;  45.0;eor
      19207;2023050418;    3;   11.7;  57.0;eor
      19207;2023050500;    3;    8.0;  77.0;eor
      19207;2023050506;    3;    8.5;  72.0;eor
      19207;2023050512;    3;   11.5;  60.0;eor
      19207;2023050518;    3;    8.6;  67.0;eor
      19207;2023050600;    3;    6.7;  82.0;eor
      19207;2023050606;    3;    5.1;  90.0;eor
      19207;2023050612;    3;    8.2;  82.0;eor
      19207;2023050618;    3;    8.6;  86.0;eor
      19207;2023050700;    3;    8.0;  90.0;eor
      19207;2023050706;    3;    8.9;  79.0;eor
      19207;2023050712;    3;   16.0;  46.0;eor
      19207;2023050718;    3;   15.5;  45.0;eor
      19207;2023050800;    3;    6.3;  82.0;eor
      19207;2023050806;    3;    8.9;  69.0;eor
      19207;2023050812;    3;   16.9;  33.0;eor
      19207;2023050818;    3;   17.1;  35.0;eor
      19207;2023050900;    3;    9.7;  63.0;eor
      19207;2023050906;    3;   11.1;  54.0;eor
      19207;2023050912;    3;   18.2;  30.0;eor
      19207;2023050918;    3;   17.3;  35.0;eor
      19207;2023051000;    3;   11.2;  59.0;eor
      19207;2023051006;    3;   12.1;  58.0;eor
      19207;2023051012;    3;   20.7;  43.0;eor
      19207;2023051018;    3;   16.6;  69.0;eor
      19207;2023051100;    3;   12.4;  94.0;eor
      19207;2023051106;    3;   12.0;  91.0;eor
      19207;2023051112;    3;   22.0;  37.0;eor
      19207;2023051118;    3;   20.1;  41.0;eor
      19207;2023051200;    3;   13.7;  65.0;eor
      19207;2023051206;    3;   13.3;  57.0;eor
      19207;2023051212;    3;   21.2;  29.0;eor
      19207;2023051218;    3;   18.2;  41.0;eor
      19207;2023051300;    3;    8.1;  83.0;eor
      19207;2023051306;    3;   12.2;  66.0;eor
      19207;2023051312;    3;   21.4;  25.0;eor
      19207;2023051318;    3;   18.7;  38.0;eor
      19207;2023051400;    3;    9.1;  81.0;eor
      19207;2023051406;    3;   11.8;  76.0;eor
      19207;2023051412;    3;   20.6;  33.0;eor
      19207;2023051418;    3;   17.6;  52.0;eor
      19207;2023051500;    3;   12.0;  75.0;eor
      19207;2023051506;    3;   12.8;  78.0;eor
      19207;2023051512;    3;   20.3;  45.0;eor
      19207;2023051518;    3;   16.3;  63.0;eor
      19207;2023051600;    3;   12.5;  80.0;eor
      19207;2023051606;    3;    9.9;  76.0;eor
      19207;2023051612;    3;   13.8;  43.0;eor
      19207;2023051618;    3;   10.4;  59.0;eor
      19207;2023051700;    3;    9.2;  82.0;eor
      19207;2023051706;    3;    8.1;  63.0;eor
      19207;2023051712;    3;   11.9;  51.0;eor
      19207;2023051718;    3;   10.9;  53.0;eor
      19207;2023051800;    3;    4.1;  87.0;eor
      19207;2023051806;    3;    7.0;  77.0;eor
      19207;2023051812;    3;   12.1;  47.0;eor
      19207;2023051818;    3;   11.3;  59.0;eor
      19207;2023051900;    3;    5.0;  88.0;eor
      19207;2023051906;    3;    8.4;  83.0;eor
      19207;2023051912;    3;   17.8;  39.0;eor
      19207;2023051918;    3;   15.4;  38.0;eor
      19207;2023052000;    3;    7.2;  79.0;eor
      19207;2023052006;    3;   11.0;  78.0;eor
      19207;2023052012;    3;   15.2;  63.0;eor
      19207;2023052018;    3;   15.2;  61.0;eor
      19207;2023052100;    3;   10.1;  85.0;eor
      19207;2023052106;    3;   14.6;  77.0;eor
      19207;2023052112;    3;   25.2;  50.0;eor
      19207;2023052118;    3;   21.7;  61.0;eor
      19207;2023052200;    3;   15.5;  75.0;eor
      19207;2023052206;    3;   17.2;  65.0;eor
      19207;2023052212;    3;   24.7;  28.0;eor
      19207;2023052218;    3;   20.8;  51.0;eor
      19207;2023052300;    3;   15.2;  67.0;eor
      19207;2023052306;    3;   14.0;  85.0;eor
      19207;2023052312;    3;   13.2;  88.0;eor
      19207;2023052318;    3;   12.2;  64.0;eor
      19207;2023052400;    3;    9.8;  79.0;eor
      19207;2023052406;    3;    9.7;  88.0;eor
      19207;2023052412;    3;   15.9;  50.0;eor
      19207;2023052418;    3;   15.9;  54.0;eor
      19207;2023052500;    3;    7.9;  91.0;eor
      19207;2023052506;    3;   11.7;  90.0;eor
      19207;2023052512;    3;   15.1;  60.0;eor
      19207;2023052518;    3;   15.0;  60.0;eor
      19207;2023052600;    3;    6.2;  95.0;eor
      19207;2023052606;    3;    9.6;  77.0;eor
      19207;2023052612;    3;   13.0;  60.0;eor
      19207;2023052618;    3;   14.0;  59.0;eor
      19207;2023052700;    3;    6.8;  91.0;eor
      19207;2023052706;    3;   10.1;  83.0;eor
      19207;2023052712;    3;   18.1;  45.0;eor
      19207;2023052718;    3;   16.9;  56.0;eor
      19207;2023052800;    3;    8.1;  92.0;eor
      19207;2023052806;    3;   10.5;  83.0;eor
      19207;2023052812;    3;   20.2;  45.0;eor
      19207;2023052818;    3;   17.7;  48.0;eor
      19207;2023052900;    3;    8.5;  90.0;eor
      19207;2023052906;    3;   12.1;  72.0;eor
      19207;2023052912;    3;   16.6;  46.0;eor
      19207;2023052918;    3;   15.3;  50.0;eor
      19207;2023053000;    3;    8.5;  81.0;eor
      19207;2023053006;    3;   11.3;  85.0;eor
      19207;2023053012;    3;   18.3;  52.0;eor
      19207;2023053018;    3;   17.6;  56.0;eor
      19207;2023053100;    3;    7.5;  96.0;eor
      19207;2023053106;    3;    9.7;  86.0;eor
      19207;2023053112;    3;   21.1;  36.0;eor
      19207;2023053118;    3;   21.0;  43.0;eor
      19207;2023060100;    3;   12.9;  82.0;eor
      19207;2023060106;    3;   11.1;  74.0;eor
      19207;2023060112;    3;   16.4;  57.0;eor
      19207;2023060118;    3;   16.4;  52.0;eor
      19207;2023060200;    3;    9.5;  88.0;eor
      19207;2023060206;    3;   12.4;  73.0;eor
      19207;2023060212;    3;   16.9;  32.0;eor
      19207;2023060218;    3;   16.3;  30.0;eor
      19207;2023060300;    3;    6.4;  77.0;eor
      19207;2023060306;    3;   12.0;  60.0;eor
      19207;2023060312;    3;   18.3;  28.0;eor
      19207;2023060318;    3;   17.3;  38.0;eor
      19207;2023060400;    3;    6.3;  87.0;eor
      19207;2023060406;    3;   11.4;  69.0;eor
      19207;2023060412;    3;   20.8;  39.0;eor
      19207;2023060418;    3;   18.1;  51.0;eor
      19207;2023060500;    3;    8.9;  95.0;eor
      19207;2023060506;    3;   14.1;  77.0;eor
      19207;2023060512;    3;   22.4;  34.0;eor
      19207;2023060518;    3;   20.0;  44.0;eor
      19207;2023060600;    3;   10.6;  86.0;eor
      19207;2023060606;    3;   15.0;  67.0;eor
      19207;2023060612;    3;   24.3;  35.0;eor
      19207;2023060618;    3;   21.4;  43.0;eor
      19207;2023060700;    3;   10.8;  92.0;eor
      19207;2023060706;    3;   15.2;  71.0;eor
      19207;2023060712;    3;   24.3;  39.0;eor
      19207;2023060718;    3;   22.3;  47.0;eor
      19207;2023060800;    3;   11.7;  92.0;eor
      19207;2023060806;    3;   15.7;  76.0;eor
      19207;2023060812;    3;   24.7;  45.0;eor
      19207;2023060818;    3;   21.7;  35.0;eor
      19207;2023060900;    3;   10.7;  91.0;eor
      19207;2023060906;    3;   15.2;  77.0;eor
      19207;2023060912;    3;   24.7;  38.0;eor
      19207;2023060918;    3;   18.7;  60.0;eor
      19207;2023061000;    3;   11.5;  86.0;eor
      19207;2023061006;    3;   15.5;  75.0;eor
      19207;2023061012;    3;   24.8;  49.0;eor
      19207;2023061018;    3;   19.7;  46.0;eor
      19207;2023061100;    3;   12.3;  78.0;eor
      19207;2023061106;    3;   15.7;  67.0;eor
      19207;2023061112;    3;   24.6;  29.0;eor
      19207;2023061118;    3;   20.8;  50.0;eor
      19207;2023061200;    3;   13.2;  80.0;eor
      19207;2023061206;    3;   17.4;  60.0;eor
      19207;2023061212;    3;   25.6;  22.0;eor
      19207;2023061218;    3;   22.2;  27.0;eor
      19207;2023061300;    3;   10.4;  80.0;eor
      19207;2023061306;    3;   15.4;  69.0;eor
      19207;2023061312;    3;   22.5;  29.0;eor
      19207;2023061318;    3;   19.3;  51.0;eor
      19207;2023061400;    3;   11.7;  92.0;eor
      19207;2023061406;    3;   15.8;  74.0;eor
      19207;2023061412;    3;   24.0;  34.0;eor
      19207;2023061418;    3;   21.9;  34.0;eor
      19207;2023061500;    3;   11.0;  80.0;eor
      19207;2023061506;    3;   15.3;  69.0;eor
      19207;2023061512;    3;   24.2;  32.0;eor
      19207;2023061518;    3;   21.1;  44.0;eor
      19207;2023061600;    3;   14.4;  87.0;eor
      19207;2023061606;    3;   14.0;  96.0;eor
      19207;2023061612;    3;   19.1;  70.0;eor
      19207;2023061618;    3;   20.8;  56.0;eor
      19207;2023061700;    3;   13.3;  95.0;eor
      19207;2023061706;    3;   15.1;  85.0;eor
      19207;2023061712;    3;   23.2;  45.0;eor
      19207;2023061718;    3;   21.7;  46.0;eor
      19207;2023061800;    3;   15.2;  84.0;eor
      19207;2023061806;    3;   16.7;  78.0;eor
      19207;2023061812;    3;   24.8;  40.0;eor
      19207;2023061818;    3;   24.3;  44.0;eor
      19207;2023061900;    3;   13.9;  93.0;eor
      19207;2023061906;    3;   18.3;  74.0;eor
      19207;2023061912;    3;   24.0;  55.0;eor
      19207;2023061918;    3;   22.2;  82.0;eor
      19207;2023062000;    3;   17.0;  97.0;eor
      19207;2023062006;    3;   18.6;  85.0;eor
      19207;2023062012;    3;   24.3;  55.0;eor
      19207;2023062018;    3;   24.9;  62.0;eor
      19207;2023062100;    3;   18.7;  91.0;eor
      19207;2023062106;    3;   19.8;  92.0;eor
      19207;2023062112;    3;   25.2;  58.0;eor
      19207;2023062118;    3;   24.0;  51.0;eor
      19207;2023062200;    3;   14.7;  97.0;eor
      19207;2023062206;    3;   17.0;  88.0;eor
      19207;2023062212;    3;   25.8;  49.0;eor
      19207;2023062218;    3;   23.6;  50.0;eor
      19207;2023062300;    3;   16.7;  89.0;eor
      19207;2023062306;    3;   16.5;  90.0;eor
      19207;2023062312;    3;   20.9;  61.0;eor
      19207;2023062318;    3;   21.2;  53.0;eor
      19207;2023062400;    3;   14.8;  89.0;eor
      19207;2023062406;    3;   16.5;  80.0;eor
      19207;2023062412;    3;   22.9;  46.0;eor
      19207;2023062418;    3;   22.9;  52.0;eor
      19207;2023062500;    3;   19.0;  75.0;eor
      19207;2023062506;    3;   21.9;  67.0;eor
      19207;2023062512;    3;   26.6;  40.0;eor
      19207;2023062518;    3;   26.8;  43.0;eor
      19207;2023062600;    3;   19.1;  84.0;eor
      19207;2023062606;    3;   22.9;  67.0;eor
      19207;2023062612;    3;   29.3;  43.0;eor
      19207;2023062618;    3;   20.5;  55.0;eor
      19207;2023062700;    3;   14.7;  81.0;eor
      19207;2023062706;    3;   16.0;  75.0;eor
      19207;2023062712;    3;   14.3;  81.0;eor
      19207;2023062718;    3;   16.6;  79.0;eor
      19207;2023062800;    3;   12.8;  85.0;eor
      19207;2023062806;    3;   16.0;  75.0;eor
      19207;2023062812;    3;   21.0;  49.0;eor
      19207;2023062818;    3;   21.9;  49.0;eor
      19207;2023062900;    3;   14.1;  93.0;eor
      19207;2023062906;    3;   17.0;  86.0;eor
      19207;2023062912;    3;   22.7;  63.0;eor
      19207;2023062918;    3;   21.7;  73.0;eor
      19207;2023063000;    3;   18.2;  94.0;eor
      19207;2023063006;    3;   17.5;  84.0;eor
      19207;2023063012;    3;   18.6;  68.0;eor
      19207;2023063018;    3;   20.4;  49.0;eor
      19207;2023070100;    3;   14.7;  85.0;eor
      19207;2023070106;    3;   16.5;  73.0;eor
      19207;2023070112;    3;   16.0;  88.0;eor
      19207;2023070118;    3;   16.7;  93.0;eor
      19207;2023070200;    3;   15.7;  89.0;eor
      19207;2023070206;    3;   16.2;  83.0;eor
      19207;2023070212;    3;   19.7;  51.0;eor
      19207;2023070218;    3;   18.9;  50.0;eor
      19207;2023070300;    3;   13.2;  69.0;eor
      19207;2023070306;    3;   16.1;  64.0;eor
      19207;2023070312;    3;   18.3;  59.0;eor
      19207;2023070318;    3;   13.5;  86.0;eor
      19207;2023070400;    3;   12.7;  83.0;eor
      19207;2023070406;    3;   13.9;  80.0;eor
      19207;2023070412;    3;   18.9;  51.0;eor
      19207;2023070418;    3;   17.3;  55.0;eor
      19207;2023070500;    3;   10.4;  94.0;eor
      19207;2023070506;    3;   14.3;  80.0;eor
      19207;2023070512;    3;   20.6;  67.0;eor
      19207;2023070518;    3;   18.7;  48.0;eor
      19207;2023070600;    3;   14.0;  72.0;eor
      19207;2023070606;    3;   15.0;  72.0;eor
      19207;2023070612;    3;   21.1;  43.0;eor
      19207;2023070618;    3;   18.5;  62.0;eor
      19207;2023070700;    3;   11.4;  96.0;eor
      19207;2023070706;    3;   16.5;  74.0;eor
      19207;2023070712;    3;   23.6;  39.0;eor
      19207;2023070718;    3;   23.4;  45.0;eor
      19207;2023070800;    3;   12.5;  90.0;eor
      19207;2023070806;    3;   17.4;  69.0;eor
      19207;2023070812;    3;   26.7;  33.0;eor
      19207;2023070818;    3;   24.6;  39.0;eor
      19207;2023070900;    3;   13.5;  78.0;eor
      19207;2023070906;    3;   18.2;  67.0;eor
      19207;2023070912;    3;   29.0;  29.0;eor
      19207;2023070918;    3;   28.6;  33.0;eor
      19207;2023071000;    3;   19.5;  65.0;eor
      19207;2023071006;    3;   19.3;  72.0;eor
      19207;2023071012;    3;   20.9;  86.0;eor
      19207;2023071018;    3;   22.9;  49.0;eor
      19207;2023071100;    3;   13.7;  91.0;eor
      19207;2023071106;    3;   17.6;  76.0;eor
      19207;2023071112;    3;   27.4;  35.0;eor
      19207;2023071118;    3;   27.8;  42.0;eor
      19207;2023071200;    3;   20.9;  61.0;eor
      19207;2023071206;    3;   18.2;  93.0;eor
      19207;2023071212;    3;   24.1;  53.0;eor
      19207;2023071218;    3;   20.4;  63.0;eor
      19207;2023071300;    3;   16.2;  85.0;eor
      19207;2023071306;    3;   18.2;  75.0;eor
      19207;2023071312;    3;   22.7;  50.0;eor
      19207;2023071318;    3;   18.3;  76.0;eor
      19207;2023071400;    3;   13.5;  92.0;eor
      19207;2023071406;    3;   14.7;  88.0;eor
      19207;2023071412;    3;   23.0;  47.0;eor
      19207;2023071418;    3;   23.3;  48.0;eor
      19207;2023071500;    3;   18.9;  66.0;eor
      19207;2023071506;    3;   21.3;  57.0;eor
      19207;2023071512;    3;   31.7;  32.0;eor
      19207;2023071518;    3;   24.6;  64.0;eor
      19207;2023071600;    3;   21.4;  77.0;eor
      19207;2023071606;    3;   18.5;  86.0;eor
      19207;2023071612;    3;   25.8;  39.0;eor
      19207;2023071618;    3;   23.4;  44.0;eor
      19207;2023071700;    3;   14.8;  89.0;eor
      19207;2023071706;    3;   16.5;  80.0;eor
      19207;2023071712;    3;   22.8;  46.0;eor
      19207;2023071718;    3;   16.7;  60.0;eor
      19207;2023071800;    3;   12.3;  92.0;eor
      19207;2023071806;    3;   15.7;  81.0;eor
      19207;2023071812;    3;   22.6;  43.0;eor
      19207;2023071818;    3;   20.5;  52.0;eor
      19207;2023071900;    3;   15.8;  79.0;eor
      19207;2023071906;    3;   15.1;  90.0;eor
      19207;2023071912;    3;   14.6;  80.0;eor
      19207;2023071918;    3;   17.6;  66.0;eor
      19207;2023072000;    3;   12.2;  95.0;eor
      19207;2023072006;    3;   15.1;  84.0;eor
      19207;2023072012;    3;   18.0;  58.0;eor
      19207;2023072018;    3;   17.1;  62.0;eor
      19207;2023072100;    3;   11.0;  91.0;eor
      19207;2023072106;    3;   14.6;  81.0;eor
      19207;2023072112;    3;   19.3;  58.0;eor
      19207;2023072118;    3;   19.1;  53.0;eor
      19207;2023072200;    3;   13.0;  96.0;eor
      19207;2023072206;    3;   13.6;  89.0;eor
      19207;2023072212;    3;   15.6;  69.0;eor
      19207;2023072218;    3;   16.5;  74.0;eor
      19207;2023072300;    3;   13.8;  94.0;eor
      19207;2023072306;    3;   14.7;  91.0;eor
      19207;2023072312;    3;   17.7;  89.0;eor
      19207;2023072318;    3;   19.0;  76.0;eor
      19207;2023072400;    3;   17.3;  81.0;eor
      19207;2023072406;    3;   18.9;  82.0;eor
      19207;2023072412;    3;   20.0;  87.0;eor
      19207;2023072418;    3;   20.3;  80.0;eor
      19207;2023072500;    3;   15.4;  93.0;eor
      19207;2023072506;    3;   15.0;  83.0;eor
      19207;2023072512;    3;   17.1;  68.0;eor
      19207;2023072518;    3;   18.1;  60.0;eor
      19207;2023072600;    3;   10.1;  91.0;eor
      19207;2023072606;    3;   13.5;  84.0;eor
      19207;2023072612;    3;   15.4;  69.0;eor
      19207;2023072618;    3;   15.5;  73.0;eor
      19207;2023072700;    3;   13.1;  88.0;eor
      19207;2023072706;    3;   14.9;  80.0;eor
      19207;2023072712;    3;   17.1;  74.0;eor
      19207;2023072718;    3;   17.2;  76.0;eor
      19207;2023072800;    3;   15.3;  97.0;eor
      19207;2023072806;    3;   15.9;  93.0;eor
      19207;2023072812;    3;   19.7;  71.0;eor
      19207;2023072818;    3;   21.5;  61.0;eor
      19207;2023072900;    3;   14.4;  96.0;eor
      19207;2023072906;    3;   18.9;  87.0;eor
      19207;2023072912;    3;   22.9;  70.0;eor
      19207;2023072918;    3;   19.4;  84.0;eor
      19207;2023073000;    3;   15.5;  96.0;eor
      19207;2023073006;    3;   16.3;  93.0;eor
      19207;2023073012;    3;   23.1;  57.0;eor
      19207;2023073018;    3;   18.2;  65.0;eor
      19207;2023073100;    3;   12.9;  92.0;eor
      19207;2023073106;    3;   15.7;  86.0;eor
      19207;2023073112;    3;   16.1;  95.0;eor
      19207;2023073118;    3;   14.9;  98.0;eor
      19207;2023080100;    3;   16.3;  97.0;eor
      19207;2023080106;    3;   16.4;  95.0;eor
      19207;2023080112;    3;   20.9;  68.0;eor
      19207;2023080118;    3;   17.5;  82.0;eor
      19207;2023080200;    3;   15.0;  91.0;eor
      19207;2023080206;    3;   14.9;  94.0;eor
      19207;2023080212;    3;   20.2;  60.0;eor
      19207;2023080218;    3;   16.6;  97.0;eor
      19207;2023080300;    3;   16.0;  95.0;eor
      19207;2023080306;    3;   16.9;  88.0;eor
      19207;2023080312;    3;   19.8;  82.0;eor
      19207;2023080318;    3;   18.8;  83.0;eor
      19207;2023080400;    3;   16.5;  94.0;eor
      19207;2023080406;    3;   16.0;  94.0;eor
      19207;2023080412;    3;   20.4;  62.0;eor
      19207;2023080418;    3;   19.1;  68.0;eor
      19207;2023080500;    3;   15.5;  87.0;eor
      19207;2023080506;    3;   14.1;  85.0;eor
      19207;2023080512;    3;   19.7;  55.0;eor
      19207;2023080518;    3;   20.6;  52.0;eor
      19207;2023080600;    3;   15.1;  83.0;eor
      19207;2023080606;    3;   14.7;  83.0;eor
      19207;2023080612;    3;   18.7;  67.0;eor
      19207;2023080618;    3;   15.1;  77.0;eor
      19207;2023080700;    3;   13.9;  96.0;eor
      19207;2023080706;    3;   14.0;  86.0;eor
      19207;2023080712;    3;   18.0;  58.0;eor
      19207;2023080718;    3;   16.0;  58.0;eor
      19207;2023080800;    3;   13.4;  79.0;eor
      19207;2023080806;    3;   13.9;  80.0;eor
      19207;2023080812;    3;   19.0;  57.0;eor
      19207;2023080818;    3;   13.5;  78.0;eor
      19207;2023080900;    3;   12.0;  83.0;eor
      19207;2023080906;    3;   12.5;  83.0;eor
      19207;2023080912;    3;   18.1;  58.0;eor
      19207;2023080918;    3;   15.2;  82.0;eor
      19207;2023081000;    3;   10.2;  92.0;eor
      19207;2023081006;    3;   12.4;  88.0;eor
      19207;2023081012;    3;   17.6;  58.0;eor
      19207;2023081018;    3;   17.8;  55.0;eor
      19207;2023081100;    3;   10.2;  97.0;eor
      19207;2023081106;    3;   13.7;  76.0;eor
      19207;2023081112;    3;   20.7;  64.0;eor
      19207;2023081118;    3;   22.8;  60.0;eor
      19207;2023081200;    3;   16.1;  88.0;eor
      19207;2023081206;    3;   18.7;  79.0;eor
      19207;2023081212;    3;   25.6;  57.0;eor
      19207;2023081218;    3;   22.5;  81.0;eor
      19207;2023081300;    3;   16.3;  94.0;eor
      19207;2023081306;    3;   16.8;  90.0;eor
      19207;2023081312;    3;   24.7;  52.0;eor
      19207;2023081318;    3;   23.3;  61.0;eor
      19207;2023081400;    3;   16.5;  94.0;eor
      19207;2023081406;    3;   17.8;  92.0;eor
      19207;2023081412;    3;   25.7;  47.0;eor
      19207;2023081418;    3;   25.5;  60.0;eor
      19207;2023081500;    3;   20.4;  81.0;eor
      19207;2023081506;    3;   21.5;  79.0;eor
      19207;2023081512;    3;   26.6;  64.0;eor
      19207;2023081518;    3;   22.7;  74.0;eor
      19207;2023081600;    3;   18.7;  95.0;eor
      19207;2023081606;    3;   17.9;  86.0;eor
      19207;2023081612;    3;   23.6;  56.0;eor
      19207;2023081618;    3;   21.6;  63.0;eor
      19207;2023081700;    3;   16.3;  88.0;eor
      19207;2023081706;    3;   17.5;  86.0;eor
      19207;2023081712;    3;   19.0;  85.0;eor
      19207;2023081718;    3;   19.1;  71.0;eor
      19207;2023081800;    3;   16.4;  93.0;eor
      19207;2023081806;    3;   17.7;  93.0;eor
      19207;2023081812;    3;   27.3;  63.0;eor
      19207;2023081818;    3;   23.0;  75.0;eor
      19207;2023081900;    3;   18.5;  98.0;eor
      19207;2023081906;    3;   18.8;  95.0;eor
      19207;2023081912;    3;   29.0;  57.0;eor
      19207;2023081918;    3;   26.9;  66.0;eor
      19207;2023082000;    3;   21.5;  90.0;eor
      19207;2023082006;    3;   18.4;  89.0;eor
      19207;2023082012;    3;   23.1;  62.0;eor
      19207;2023082018;    3;   22.5;  64.0;eor
      19207;2023082100;    3;   16.4;  95.0;eor
      19207;2023082106;    3;   17.3;  87.0;eor
      19207;2023082112;    3;   22.5;  54.0;eor
      19207;2023082118;    3;   21.2;  59.0;eor
      19207;2023082200;    3;   12.6;  99.0;eor
      19207;2023082206;    3;   14.9;  96.0;eor
      19207;2023082212;    3;   25.2;  48.0;eor
      19207;2023082218;    3;   22.1;  62.0;eor
      19207;2023082300;    3;   14.2;  97.0;eor
      19207;2023082306;    3;   15.5;  94.0;eor
      19207;2023082312;    3;   23.1;  56.0;eor
      19207;2023082318;    3;   21.5;  68.0;eor
      19207;2023082400;    3;   18.2;  85.0;eor
      19207;2023082406;    3;   17.1;  88.0;eor
      19207;2023082412;    3;   23.5;  56.0;eor
      19207;2023082418;    3;   21.5;  69.0;eor
      19207;2023082500;    3;   18.0;  96.0;eor
      19207;2023082506;    3;   19.5;  88.0;eor
      19207;2023082512;    3;   23.3;  74.0;eor
      19207;2023082518;    3;   21.4;  88.0;eor
      19207;2023082600;    3;   18.2;  99.0;eor
      19207;2023082606;    3;   18.1;  96.0;eor
      19207;2023082612;    3;   18.4;  87.0;eor
      19207;2023082618;    3;   18.5;  69.0;eor
      19207;2023082700;    3;   12.7;  98.0;eor
      19207;2023082706;    3;   12.9;  95.0;eor
      19207;2023082712;    3;   21.2;  55.0;eor
      19207;2023082718;    3;   16.2;  89.0;eor
      19207;2023082800;    3;   11.8;  92.0;eor
      19207;2023082806;    3;   12.6;  93.0;eor
      19207;2023082812;    3;   19.7;  62.0;eor
      19207;2023082818;    3;   17.5;  67.0;eor
      19207;2023082900;    3;   12.2;  98.0;eor
      19207;2023082906;    3;   12.3;  98.0;eor
      19207;2023082912;    3;   18.3;  70.0;eor
      19207;2023082918;    3;   16.4;  76.0;eor
      19207;2023083000;    3;   13.1;  97.0;eor
      19207;2023083006;    3;   13.4;  95.0;eor
      19207;2023083012;    3;   19.3;  65.0;eor
      19207;2023083018;    3;   14.7;  81.0;eor
      19207;2023083100;    3;   14.3;  90.0;eor
      19207;2023083106;    3;   13.5;  92.0;eor
      19207;2023083112;    3;   18.5;  53.0;eor
      19207;2023083118;    3;   15.1;  67.0;eor
      19207;2023090100;    3;   11.6;  94.0;eor
      19207;2023090106;    3;   12.5;  91.0;eor
      19207;2023090112;    3;   20.1;  63.0;eor
      19207;2023090118;    3;   16.6;  70.0;eor
      19207;2023090200;    3;   11.6;  88.0;eor
      19207;2023090206;    3;   11.6;  98.0;eor
      19207;2023090212;    3;   21.1;  49.0;eor
      19207;2023090218;    3;   18.3;  64.0;eor
      19207;2023090300;    3;   14.5;  89.0;eor
      19207;2023090306;    3;   12.9;  92.0;eor
      19207;2023090312;    3;   19.5;  58.0;eor
      19207;2023090318;    3;   18.4;  70.0;eor
      19207;2023090400;    3;   13.2;  93.0;eor
      19207;2023090406;    3;   13.7;  96.0;eor
      19207;2023090412;    3;   24.0;  50.0;eor
      19207;2023090418;    3;   21.3;  61.0;eor
      19207;2023090500;    3;   11.6;  97.0;eor
      19207;2023090506;    3;   12.9;  96.0;eor
      19207;2023090512;    3;   27.8;  45.0;eor
      19207;2023090518;    3;   23.4;  68.0;eor
      19207;2023090600;    3;   15.3;  98.0;eor
      19207;2023090606;    3;   13.4;  98.0;eor
      19207;2023090612;    3;   28.8;  43.0;eor
      19207;2023090618;    3;   23.7;  66.0;eor
      19207;2023090700;    3;   15.5;  89.0;eor
      19207;2023090706;    3;   15.6;  99.0;eor
      19207;2023090712;    3;   26.4;  48.0;eor
      19207;2023090718;    3;   24.5;  56.0;eor
      19207;2023090800;    3;   15.7;  93.0;eor
      19207;2023090806;    3;   14.7;  96.0;eor
      19207;2023090812;    3;   28.9;  43.0;eor
      19207;2023090818;    3;   23.9;  54.0;eor
      19207;2023090900;    3;   16.0;  83.0;eor
      19207;2023090906;    3;   13.0;  95.0;eor
      19207;2023090912;    3;   29.4;  40.0;eor
      19207;2023090918;    3;   24.4;  51.0;eor
      19207;2023091000;    3;   14.2;  96.0;eor
      19207;2023091006;    3;   13.5;  99.0;eor
      19207;2023091012;    3;   24.8;  66.0;eor
      19207;2023091018;    3;   18.5;  84.0;eor
      19207;2023091100;    3;   16.3;  91.0;eor
      19207;2023091106;    3;   14.9;  98.0;eor
      19207;2023091112;    3;   27.3;  53.0;eor
      19207;2023091118;    3;   23.4;  69.0;eor
      19207;2023091200;    3;   16.3;  97.0;eor
      19207;2023091206;    3;   17.3;  95.0;eor
      19207;2023091212;    3;   22.0;  82.0;eor
      19207;2023091218;    3;   19.1;  96.0;eor
      19207;2023091300;    3;   15.7; 100.0;eor
      19207;2023091306;    3;   17.1; 100.0;eor
      19207;2023091312;    3;   16.6;  93.0;eor
      19207;2023091318;    3;   14.6;  91.0;eor
      19207;2023091400;    3;   11.3;  98.0;eor
      19207;2023091406;    3;   10.1;  99.0;eor
      19207;2023091412;    3;   17.4;  63.0;eor
      19207;2023091418;    3;   14.3;  79.0;eor
      19207;2023091500;    3;    8.3;  98.0;eor
      19207;2023091506;    3;    8.4;  99.0;eor
      19207;2023091512;    3;   20.4;  54.0;eor
      19207;2023091518;    3;   17.8;  70.0;eor
      19207;2023091600;    3;   13.3;  93.0;eor
      19207;2023091606;    3;   11.7;  90.0;eor
      19207;2023091612;    3;   22.4;  57.0;eor
      19207;2023091618;    3;   18.7;  74.0;eor
      19207;2023091700;    3;   12.5;  97.0;eor
      19207;2023091706;    3;   10.4;  99.0;eor
      19207;2023091712;    3;   23.4;  60.0;eor
      19207;2023091718;    3;   21.1;  75.0;eor
      19207;2023091800;    3;   17.3;  93.0;eor
      19207;2023091806;    3;   16.9;  88.0;eor
      19207;2023091812;    3;   23.9;  60.0;eor
      19207;2023091818;    3;   21.4;  72.0;eor
      19207;2023091900;    3;   18.3;  80.0;eor
      19207;2023091906;    3;   15.7;  83.0;eor
      19207;2023091912;    3;   18.9;  55.0;eor
      19207;2023091918;    3;   17.8;  59.0;eor
      19207;2023092000;    3;   17.7;  63.0;eor
      19207;2023092006;    3;   17.0;  73.0;eor
      19207;2023092012;    3;   21.4;  64.0;eor
      19207;2023092018;    3;   20.1;  65.0;eor
      19207;2023092100;    3;   16.9;  80.0;eor
      19207;2023092106;    3;   14.8;  86.0;eor
      19207;2023092112;    3;   25.4;  47.0;eor
      19207;2023092118;    3;   21.3;  65.0;eor
      19207;2023092200;    3;   19.9;  74.0;eor
      19207;2023092206;    3;   15.7;  93.0;eor
      19207;2023092212;    3;   17.5;  72.0;eor
      19207;2023092218;    3;   15.4;  76.0;eor
      19207;2023092300;    3;   12.2;  94.0;eor
      19207;2023092306;    3;   12.2;  92.0;eor
      19207;2023092312;    3;   16.0;  74.0;eor
      19207;2023092318;    3;   13.6;  77.0;eor
      19207;2023092400;    3;   11.7;  94.0;eor
      19207;2023092406;    3;   10.6;  99.0;eor
      19207;2023092412;    3;   18.4;  52.0;eor
      19207;2023092418;    3;   14.4;  71.0;eor
      19207;2023092500;    3;   10.9;  89.0;eor
      19207;2023092506;    3;   10.2;  96.0;eor
      19207;2023092512;    3;   19.2;  53.0;eor
      19207;2023092518;    3;   15.8;  69.0;eor
      19207;2023092600;    3;    9.1;  96.0;eor
      19207;2023092606;    3;    6.3;  97.0;eor
      19207;2023092612;    3;   22.1;  58.0;eor
      19207;2023092618;    3;   17.2;  83.0;eor
      19207;2023092700;    3;   11.7;  98.0;eor
      19207;2023092706;    3;    9.9;  99.0;eor
      19207;2023092712;    3;   24.2;  57.0;eor
      19207;2023092718;    3;   18.3;  83.0;eor
      19207;2023092800;    3;   13.7;  97.0;eor
      19207;2023092806;    3;   13.5;  97.0;eor
      19207;2023092812;    3;   22.6;  65.0;eor
      19207;2023092818;    3;   18.8;  81.0;eor
      19207;2023092900;    3;   13.7;  97.0;eor
      19207;2023092906;    3;   13.4;  98.0;eor
      19207;2023092912;    3;   20.8;  69.0;eor
      19207;2023092918;    3;   19.7;  80.0;eor
      19207;2023093000;    3;   12.2;  94.0;eor
      19207;2023093006;    3;   11.3;  97.0;eor
      19207;2023093012;    3;   18.2;  65.0;eor
      19207;2023093018;    3;   13.9;  76.0;eor
      19207;2023100100;    3;   12.7;  89.0;eor
      19207;2023100106;    3;   12.6;  90.0;eor
      19207;2023100112;    3;   18.5;  65.0;eor
      19207;2023100118;    3;   14.7;  93.0;eor
      19207;2023100200;    3;   15.8;  89.0;eor
      19207;2023100206;    3;   16.5;  87.0;eor
      19207;2023100212;    3;   22.4;  67.0;eor
      19207;2023100218;    3;   19.6;  79.0;eor
      19207;2023100300;    3;   15.2;  98.0;eor
      19207;2023100306;    3;   15.2;  94.0;eor
      19207;2023100312;    3;   22.3;  62.0;eor
      19207;2023100318;    3;   14.0;  79.0;eor
      19207;2023100400;    3;   12.1;  90.0;eor
      19207;2023100406;    3;   12.4;  89.0;eor
      19207;2023100412;    3;   17.6;  68.0;eor
      19207;2023100418;    3;   14.7;  72.0;eor
      19207;2023100500;    3;   13.0;  80.0;eor
      19207;2023100506;    3;   12.4;  91.0;eor
      19207;2023100512;    3;   16.8;  67.0;eor
      19207;2023100518;    3;   11.2;  89.0;eor
      19207;2023100600;    3;   10.5;  94.0;eor
      19207;2023100606;    3;   -999;-999;eor
      19207;2023100612;    3;   -999;-999;eor
      19207;2023100618;    3;   -999;-999;eor
      19207;2023100700;    3;   -999;-999;eor
      19207;2023100706;    3;   -999;-999;eor
      19207;2023100712;    3;   -999;-999;eor
      19207;2023100718;    3;   -999;-999;eor
      19207;2023100800;    3;   -999;-999;eor
      19207;2023100806;    3;   -999;-999;eor
      19207;2023100812;    3;   -999;-999;eor
      19207;2023100818;    3;   -999;-999;eor
      19207;2023100900;    3;   -999;-999;eor
      19207;2023100906;    3;   -999;-999;eor
      19207;2023100912;    3;   -999;-999;eor
      19207;2023100918;    3;   -999;-999;eor
      19207;2023101000;    3;   -999;-999;eor
      19207;2023101006;    3;   -999;-999;eor
      19207;2023101012;    3;   15.9;  77.0;eor
      19207;2023101018;    3;   15.2;  93.0;eor
      19207;2023101100;    3;   15.8;  86.0;eor
      19207;2023101106;    3;   15.1;  82.0;eor
      19207;2023101112;    3;   17.9;  78.0;eor
      19207;2023101118;    3;   17.4;  80.0;eor
      19207;2023101200;    3;   14.6;  97.0;eor
      19207;2023101206;    3;   11.0;  92.0;eor
      19207;2023101212;    3;   14.9;  65.0;eor
      19207;2023101218;    3;   10.4;  89.0;eor
      19207;2023101300;    3;    8.7;  95.0;eor
      19207;2023101306;    3;   13.0;  96.0;eor
      19207;2023101312;    3;   17.7;  89.0;eor
      19207;2023101318;    3;   21.1;  68.0;eor
      19207;2023101400;    3;   17.9;  80.0;eor
      19207;2023101406;    3;   11.0;  89.0;eor
      19207;2023101412;    3;   10.1;  83.0;eor
      19207;2023101418;    3;    8.7;  80.0;eor
      19207;2023101500;    3;    7.0;  83.0;eor
      19207;2023101506;    3;    5.9;  86.0;eor
      19207;2023101512;    3;   10.3;  72.0;eor
      19207;2023101518;    3;    8.0;  77.0;eor
      19207;2023101600;    3;    5.6;  89.0;eor
      19207;2023101606;    3;    4.2;  95.0;eor
      19207;2023101612;    3;    8.2;  78.0;eor
      19207;2023101618;    3;    7.4;  91.0;eor
      19207;2023101700;    3;    7.1;  91.0;eor
      19207;2023101706;    3;    7.0;  91.0;eor
      19207;2023101712;    3;   10.8;  69.0;eor
      19207;2023101718;    3;    6.8;  85.0;eor
      19207;2023101800;    3;    5.8;  86.0;eor
      19207;2023101806;    3;    1.3;  98.0;eor
      19207;2023101812;    3;   12.1;  60.0;eor
      19207;2023101818;    3;    8.0;  78.0;eor
      19207;2023101900;    3;    6.7;  80.0;eor
      19207;2023101906;    3;    7.6;  75.0;eor
      19207;2023101912;    3;    9.0;  76.0;eor
      19207;2023101918;    3;    7.7;  89.0;eor
      19207;2023102000;    3;    6.4;  92.0;eor
      19207;2023102006;    3;    5.9;  86.0;eor
      19207;2023102012;    3;    6.6;  87.0;eor
      19207;2023102018;    3;    6.4;  94.0;eor
      19207;2023102100;    3;    4.9;  97.0;eor
      19207;2023102106;    3;    6.1;  99.0;eor
      19207;2023102112;    3;    9.0;  96.0;eor
      19207;2023102118;    3;   11.1; 100.0;eor
      19207;2023102200;    3;    7.9;  98.0;eor
      19207;2023102206;    3;    8.5;  95.0;eor
      19207;2023102212;    3;   14.8;  72.0;eor
      19207;2023102218;    3;   10.8;  87.0;eor
      19207;2023102300;    3;    8.1;  95.0;eor
      19207;2023102306;    3;    6.6;  98.0;eor
      19207;2023102312;    3;   13.8;  72.0;eor
      19207;2023102318;    3;    7.8;  96.0;eor
      19207;2023102400;    3;    5.5;  99.0;eor
      19207;2023102406;    3;    9.2;  94.0;eor
      19207;2023102412;    3;   11.9;  86.0;eor
      19207;2023102418;    3;   10.9;  99.0;eor
      19207;2023102500;    3;   10.9;  99.0;eor
      19207;2023102506;    3;    8.1; 100.0;eor
      19207;2023102512;    3;   12.9;  79.0;eor
      19207;2023102518;    3;    8.9;  96.0;eor
      19207;2023102600;    3;    8.0;  96.0;eor
      19207;2023102606;    3;    9.5;  91.0;eor
      19207;2023102612;    3;   10.8;  81.0;eor
      19207;2023102618;    3;    9.0;  93.0;eor
      19207;2023102700;    3;    8.2;  95.0;eor
      19207;2023102706;    3;    7.7;  94.0;eor
      19207;2023102712;    3;    9.9;  81.0;eor
      19207;2023102718;    3;    7.9;  92.0;eor
      19207;2023102800;    3;    6.8;  96.0;eor
      19207;2023102806;    3;    6.8;  96.0;eor
      19207;2023102812;    3;    8.0;  91.0;eor
      19207;2023102818;    3;    8.1;  96.0;eor
      19207;2023102900;    3;    9.2;  98.0;eor
      19207;2023102906;    3;    9.8;  97.0;eor
      19207;2023102912;    3;   14.7;  77.0;eor
      19207;2023102918;    3;   12.7;  87.0;eor
      19207;2023103000;    3;   12.0;  86.0;eor
      19207;2023103006;    3;   10.6;  83.0;eor
      19207;2023103012;    3;   14.4;  71.0;eor
      19207;2023103018;    3;   11.1;  86.0;eor
      19207;2023103100;    3;   10.1;  95.0;eor
      19207;2023103106;    3;   10.4;  99.0;eor
      19207;2023103112;    3;   11.0;  90.0;eor
      19207;2023103118;    3;    6.6;  96.0;eor
      19207;2023110100;    3;    3.1;  88.0;eor
      19207;2023110106;    3;    4.0;  95.0;eor
      19207;2023110112;    3;    9.3;  82.0;eor
      19207;2023110118;    3;   11.7;  92.0;eor
      19207;2023110200;    3;   10.3;  87.0;eor
      19207;2023110206;    3;    8.3;  91.0;eor
      19207;2023110212;    3;   12.3;  70.0;eor
      19207;2023110218;    3;   12.0;  78.0;eor
      19207;2023110300;    3;   10.5;  84.0;eor
      19207;2023110306;    3;    7.7;  89.0;eor
      19207;2023110312;    3;   12.0;  64.0;eor
      19207;2023110318;    3;    9.2;  82.0;eor
      19207;2023110400;    3;    8.5;  82.0;eor
      19207;2023110406;    3;    5.2;  86.0;eor
      19207;2023110412;    3;   10.5;  70.0;eor
      19207;2023110418;    3;    9.0;  72.0;eor
      19207;2023110500;    3;    8.6;  78.0;eor
      19207;2023110506;    3;    8.0;  94.0;eor
      19207;2023110512;    3;    9.9;  94.0;eor
      19207;2023110518;    3;    9.7;  95.0;eor
      19207;2023110600;    3;   10.1;  94.0;eor
      19207;2023110606;    3;    9.8;  82.0;eor
      19207;2023110612;    3;   11.7;  76.0;eor
      19207;2023110618;    3;   10.1;  79.0;eor
      19207;2023110700;    3;    8.1;  89.0;eor
      19207;2023110706;    3;    8.9;  85.0;eor
      19207;2023110712;    3;   11.3;  77.0;eor
      19207;2023110718;    3;    8.5;  86.0;eor
      19207;2023110800;    3;    7.0;  90.0;eor
      19207;2023110806;    3;    7.8;  90.0;eor
      19207;2023110812;    3;   10.4;  78.0;eor
      19207;2023110818;    3;    7.8;  83.0;eor
      19207;2023110900;    3;    8.8;  77.0;eor
      19207;2023110906;    3;    8.2;  95.0;eor
      19207;2023110912;    3;    9.6;  86.0;eor
      19207;2023110918;    3;    9.3;  89.0;eor
      19207;2023111000;    3;    7.4;  93.0;eor
      19207;2023111006;    3;    6.5;  88.0;eor
      19207;2023111012;    3;    9.2;  75.0;eor
      19207;2023111018;    3;    8.1;  82.0;eor
      19207;2023111100;    3;    5.9;  87.0;eor
      19207;2023111106;    3;    5.5;  90.0;eor
      19207;2023111112;    3;    8.9;  77.0;eor
      19207;2023111118;    3;    6.3;  93.0;eor
      19207;2023111200;    3;    3.9;  99.0;eor
      19207;2023111206;    3;    5.1;  96.0;eor
      19207;2023111212;    3;    7.2;  92.0;eor
      19207;2023111218;    3;    6.5;  94.0;eor
      19207;2023111300;    3;    6.1;  96.0;eor
      19207;2023111306;    3;    4.5;  96.0;eor
      19207;2023111312;    3;    8.0;  74.0;eor
      19207;2023111318;    3;    5.9;  94.0;eor
      19207;2023111400;    3;    9.1;  92.0;eor
      19207;2023111406;    3;   10.5;  85.0;eor
      19207;2023111412;    3;   11.6;  78.0;eor
      19207;2023111418;    3;    9.2;  83.0;eor
      19207;2023111500;    3;    7.5;  90.0;eor
      19207;2023111506;    3;    7.4;  94.0;eor
      19207;2023111512;    3;    8.2;  85.0;eor
      19207;2023111518;    3;    6.6;  97.0;eor
      19207;2023111600;    3;    7.4;  96.0;eor
      19207;2023111606;    3;    8.2;  92.0;eor
      19207;2023111612;    3;    5.3;  83.0;eor
      19207;2023111618;    3;    5.0;  88.0;eor
      19207;2023111700;    3;    4.4;  96.0;eor
      19207;2023111706;    3;    5.4;  87.0;eor
      19207;2023111712;    3;    6.6;  79.0;eor
      19207;2023111718;    3;    5.3;  92.0;eor
      19207;2023111800;    3;    4.8;  92.0;eor
      19207;2023111806;    3;    3.7;  98.0;eor
      19207;2023111812;    3;    5.5;  85.0;eor
      19207;2023111818;    3;    3.6;  90.0;eor
      19207;2023111900;    3;    4.1;  89.0;eor
      19207;2023111906;    3;    4.5;  97.0;eor
      19207;2023111912;    3;   11.1;  93.0;eor
      19207;2023111918;    3;    9.8;  92.0;eor
      19207;2023112000;    3;    8.9;  96.0;eor
      19207;2023112006;    3;    7.6;  99.0;eor
      19207;2023112012;    3;   10.6;  89.0;eor
      19207;2023112018;    3;    7.1;  98.0;eor
      19207;2023112100;    3;    6.0;  87.0;eor
      19207;2023112106;    3;    5.2;  86.0;eor
      19207;2023112112;    3;    5.5;  79.0;eor
      19207;2023112118;    3;    3.6;  82.0;eor
      19207;2023112200;    3;    0.8;  91.0;eor
      19207;2023112206;    3;   -2.0;  97.0;eor
      19207;2023112212;    3;    3.2;  61.0;eor
      19207;2023112218;    3;    1.6;  69.0;eor
      19207;2023112300;    3;    3.7;  80.0;eor
      19207;2023112306;    3;    8.7;  93.0;eor
      19207;2023112312;    3;   11.0;  91.0;eor
      19207;2023112318;    3;    8.6;  86.0;eor
      19207;2023112400;    3;    5.7;  75.0;eor
      19207;2023112406;    3;    4.7;  70.0;eor
      19207;2023112412;    3;    4.5;  75.0;eor
      19207;2023112418;    3;    1.7;  91.0;eor
      19207;2023112500;    3;    2.7;  72.0;eor
      19207;2023112506;    3;    0.8;  87.0;eor
      19207;2023112512;    3;    3.0;  89.0;eor
      19207;2023112518;    3;    1.8;  69.0;eor
      19207;2023112600;    3;   -0.7;  74.0;eor
      19207;2023112606;    3;   -3.2;  85.0;eor
      19207;2023112612;    3;    1.5;  74.0;eor
      19207;2023112618;    3;   -0.3;  88.0;eor
      19207;2023112700;    3;   -1.7;  97.0;eor
      19207;2023112706;    3;   -2.2;  94.0;eor
      19207;2023112712;    3;    1.1;  82.0;eor
      19207;2023112718;    3;   -0.4;  83.0;eor
      19207;2023112800;    3;   -1.5;  79.0;eor
      19207;2023112806;    3;   -2.1;  96.0;eor
      19207;2023112812;    3;   -0.4;  72.0;eor
      19207;2023112818;    3;   -3.8;  79.0;eor
      19207;2023112900;    3;   -3.2;  86.0;eor
      19207;2023112906;    3;   -1.3;  95.0;eor
      19207;2023112912;    3;    0.0;  88.0;eor
      19207;2023112918;    3;   -0.3;  97.0;eor
      19207;2023113000;    3;   -2.7;  93.0;eor
      19207;2023113006;    3;   -7.4;  92.0;eor
      19207;2023113012;    3;   -2.8;  74.0;eor
      19207;2023113018;    3;   -7.6;  90.0;eor
      19207;2023120100;    3;   -4.7;  96.0;eor
      19207;2023120106;    3;   -4.3;  94.0;eor
      19207;2023120112;    3;   -1.8;  91.0;eor
      19207;2023120118;    3;   -2.7;  93.0;eor
      19207;2023120200;    3;   -2.5;  93.0;eor
      19207;2023120206;    3;   -2.0;  95.0;eor
      19207;2023120212;    3;   -0.5;  90.0;eor
      19207;2023120218;    3;   -2.1;  79.0;eor
      19207;2023120300;    3;   -3.2;  91.0;eor
      19207;2023120306;    3;   -2.8;  91.0;eor
      19207;2023120312;    3;   -2.8;  84.0;eor
      19207;2023120318;    3;   -2.7;  91.0;eor
      19207;2023120400;    3;   -1.6;  87.0;eor
      19207;2023120406;    3;   -5.4;  95.0;eor
      19207;2023120412;    3;   -1.2;  78.0;eor
      19207;2023120418;    3;   -1.0;  83.0;eor
      19207;2023120500;    3;   -2.5;  83.0;eor
      19207;2023120506;    3;   -3.5;  82.0;eor
      19207;2023120512;    3;   -2.5;  87.0;eor
      19207;2023120518;    3;   -2.2;  88.0;eor
      19207;2023120600;    3;   -2.4;  91.0;eor
      19207;2023120606;    3;   -2.0;  91.0;eor
      19207;2023120612;    3;   -1.1;  91.0;eor
      19207;2023120618;    3;   -1.1;  94.0;eor
      19207;2023120700;    3;   -1.1;  99.0;eor
      19207;2023120706;    3;   -0.2;  99.0;eor
      19207;2023120712;    3;    0.6;  97.0;eor
      19207;2023120718;    3;    0.1;  98.0;eor
      19207;2023120800;    3;   -1.0;  98.0;eor
      19207;2023120806;    3;   -0.7;  98.0;eor
      19207;2023120812;    3;    1.2;  86.0;eor
      19207;2023120818;    3;    0.2;  97.0;eor
      19207;2023120900;    1;    0.6;  97.0;eor
      19207;2023120906;    1;    0.9;  99.0;eor
      19207;2023120912;    1;    2.6;  96.0;eor
      19207;2023120918;    1;    3.0;  99.0;eor
      19207;2023121000;    1;    3.0;  92.0;eor
      19207;2023121006;    1;    3.4;  97.0;eor
      19207;2023121012;    1;    6.9;  95.0;eor
      19207;2023121018;    1;    7.2;  93.0;eor
      19207;2023121100;    1;    6.1;  95.0;eor
      19207;2023121106;    1;    5.1;  99.0;eor
      19207;2023121112;    1;    8.2;  98.0;eor
      19207;2023121118;    1;    6.2;  97.0;eor
      19207;2023121200;    1;    4.7;  97.0;eor
      19207;2023121206;    1;    4.9;  99.0;eor
      19207;2023121212;    1;    3.9;  98.0;eor
      19207;2023121218;    1;    3.7;  98.0;eor
      19207;2023121300;    1;    3.8;  96.0;eor
      19207;2023121306;    1;    3.6;  96.0;eor
      19207;2023121312;    1;    3.7;  94.0;eor
      19207;2023121318;    1;    3.2;  91.0;eor
      19207;2023121400;    1;    2.8;  92.0;eor
      19207;2023121406;    1;    3.6;  90.0;eor
      19207;2023121412;    1;    3.5;  89.0;eor
      19207;2023121418;    1;    2.3;  89.0;eor
      19207;2023121500;    1;    0.7;  97.0;eor
      19207;2023121506;    1;    1.5;  94.0;eor
      19207;2023121512;    1;    4.7;  97.0;eor
      19207;2023121518;    1;    6.2;  93.0;eor
      19207;2023121600;    1;    6.8;  92.0;eor
      19207;2023121606;    1;    5.3;  92.0;eor
      19207;2023121612;    1;    6.8;  91.0;eor
      19207;2023121618;    1;    8.4;  88.0;eor
      19207;2023121700;    1;    8.7;  87.0;eor
      19207;2023121706;    1;    9.3;  85.0;eor
      19207;2023121712;    1;   10.1;  80.0;eor
      19207;2023121718;    1;    8.0;  85.0;eor
      19207;2023121800;    1;    8.5;  81.0;eor
      19207;2023121806;    1;    7.6;  90.0;eor
      19207;2023121812;    1;    7.3;  95.0;eor
      19207;2023121818;    1;    7.2;  93.0;eor
      19207;2023121900;    1;    7.6;  92.0;eor
      19207;2023121906;    1;    7.6;  91.0;eor
      19207;2023121912;    1;    6.8;  94.0;eor
      19207;2023121918;    1;    7.3;  95.0;eor
      19207;2023122000;    1;    5.6;  94.0;eor
      19207;2023122006;    1;    5.4;  90.0;eor
      19207;2023122012;    1;    5.6;  83.0;eor
      19207;2023122018;    1;    5.1;  79.0;eor
      19207;2023122100;    1;    4.3;  95.0;eor
      19207;2023122106;    1;    6.7;  97.0;eor
      19207;2023122112;    1;    8.8;  94.0;eor
      19207;2023122118;    1;    6.3;  71.0;eor
      19207;2023122200;    1;    5.6;  53.0;eor
      19207;2023122206;    1;    3.2;  74.0;eor
      19207;2023122212;    1;    4.8;  58.0;eor
      19207;2023122218;    1;    3.2;  69.0;eor
      19207;2023122300;    1;    1.9;  82.0;eor
      19207;2023122306;    1;    2.6;  75.0;eor
      19207;2023122312;    1;    2.8;  80.0;eor
      19207;2023122318;    1;    2.0;  89.0;eor
      19207;2023122400;    1;    3.0;  88.0;eor
      19207;2023122406;    1;    2.0;  98.0;eor
      19207;2023122412;    1;    9.6;  94.0;eor
      19207;2023122418;    1;   11.2;  94.0;eor
      19207;2023122500;    1;   10.9;  71.0;eor
      19207;2023122506;    1;    8.3;  77.0;eor
      19207;2023122512;    1;    8.7;  63.0;eor
      19207;2023122518;    1;    6.2;  79.0;eor
      19207;2023122600;    1;    7.6;  97.0;eor
      19207;2023122606;    1;    9.0;  84.0;eor
      19207;2023122612;    1;    7.9;  80.0;eor
      19207;2023122618;    1;    6.0;  83.0;eor
      19207;2023122700;    1;    4.5;  83.0;eor
      19207;2023122706;    1;    2.1;  92.0;eor
      19207;2023122712;    1;    4.1;  86.0;eor
      19207;2023122718;    1;    3.8;  86.0;eor
      19207;2023122800;    1;    5.2;  83.0;eor
      19207;2023122806;    1;    7.7;  84.0;eor
      19207;2023122812;    1;   10.1;  75.0;eor
      19207;2023122818;    1;   10.2;  71.0;eor
      19207;2023122900;    1;    9.7;  70.0;eor
      19207;2023122906;    1;    8.2;  77.0;eor
      19207;2023122912;    1;    7.9;  82.0;eor
      19207;2023122918;    1;    7.6;  82.0;eor
      19207;2023123000;    1;    5.9;  82.0;eor
      19207;2023123006;    1;    5.6;  85.0;eor
      19207;2023123012;    1;    5.5;  88.0;eor
      19207;2023123018;    1;    4.9;  86.0;eor
      19207;2023123100;    1;    4.7;  92.0;eor
      19207;2023123106;    1;    4.4;  92.0;eor
      19207;2023123112;    1;    6.4;  84.0;eor
      19207;2023123118;    1;    7.0;  85.0;eor
      19207;2024010100;    1;    5.3;  89.0;eor
      19207;2024010106;    1;    5.6;  86.0;eor
      19207;2024010112;    1;    7.9;  78.0;eor
      19207;2024010118;    1;    6.7;  86.0;eor
      19207;2024010200;    1;    5.0;  86.0;eor
      19207;2024010206;    1;    3.2;  93.0;eor
      19207;2024010212;    1;    4.4;  93.0;eor
      19207;2024010218;    1;    4.3;  96.0;eor
      19207;2024010300;    1;    4.9;  97.0;eor
      19207;2024010306;    1;    8.6;  89.0;eor
      19207;2024010312;    1;    9.9;  81.0;eor
      19207;2024010318;    1;    8.8;  83.0;eor
      19207;2024010400;    1;    7.6;  87.0;eor
      19207;2024010406;    1;    3.7;  89.0;eor
      19207;2024010412;    1;    0.9;  89.0;eor
      19207;2024010418;    1;   -0.3;  83.0;eor
      19207;2024010500;    1;   -0.7;  88.0;eor
      19207;2024010506;    1;   -1.0;  79.0;eor
      19207;2024010512;    1;   -1.1;  79.0;eor
      19207;2024010518;    1;   -1.8;  91.0;eor
      19207;2024010600;    1;   -1.8;  93.0;eor
      19207;2024010606;    1;   -1.7;  87.0;eor
      19207;2024010612;    1;   -0.9;  75.0;eor
      19207;2024010618;    1;   -1.0;  73.0;eor
      19207;2024010700;    1;   -1.6;  74.0;eor
      19207;2024010706;    1;   -0.6;  70.0;eor
      19207;2024010712;    1;   -0.5;  62.0;eor
      19207;2024010718;    1;   -0.8;  83.0;eor
      19207;2024010800;    1;   -1.4;  72.0;eor
      19207;2024010806;    1;   -3.4;  83.0;eor
      19207;2024010812;    1;   -0.2;  64.0;eor
      19207;2024010818;    1;   -3.2;  78.0;eor
      19207;2024010900;    1;   -7.3;  95.0;eor
      19207;2024010906;    1;   -9.9;  91.0;eor
      19207;2024010912;    1;   -4.3;  84.0;eor
      19207;2024010918;    1;   -3.7;  92.0;eor
      19207;2024011000;    1;   -6.9;  93.0;eor
      19207;2024011006;    1;   -4.5;  97.0;eor
      19207;2024011012;    1;   -3.3;  95.0;eor
      19207;2024011018;    1;   -1.8;  94.0;eor
      19207;2024011100;    1;   -0.4;  93.0;eor
      19207;2024011106;    1;   -0.5;  95.0;eor
      19207;2024011112;    1;    0.8;  97.0;eor
      19207;2024011118;    1;   -1.2;  98.0;eor
      19207;2024011200;    1;   -3.2;  97.0;eor
      19207;2024011206;    1;   -0.6; 100.0;eor
      19207;2024011212;    1;   -2.2;  97.0;eor
      19207;2024011218;    1;    0.5;  95.0;eor
      19207;2024011300;    1;    1.4;  89.0;eor
      19207;2024011306;    1;    1.7;  95.0;eor
      19207;2024011312;    1;    2.6;  94.0;eor
      19207;2024011318;    1;    3.6;  90.0;eor
      19207;2024011400;    1;    3.0;  82.0;eor
      19207;2024011406;    1;    2.2;  85.0;eor
      19207;2024011412;    1;    4.2;  78.0;eor
      19207;2024011418;    1;    2.6;  86.0;eor
      19207;2024011500;    1;    1.3;  87.0;eor
      19207;2024011506;    1;    2.0;  76.0;eor
      19207;2024011512;    1;    0.5;  71.0;eor
      19207;2024011518;    1;   -1.0;  70.0;eor
      19207;2024011600;    1;   -2.6;  92.0;eor
      19207;2024011606;    1;   -2.4;  90.0;eor
      19207;2024011612;    1;   -0.8;  91.0;eor
      19207;2024011618;    1;   -0.5;  90.0;eor
      19207;2024011700;    1;   -1.3;  84.0;eor
      19207;2024011706;    1;   -3.3;  78.0;eor
      19207;2024011712;    1;   -1.1;  72.0;eor
      19207;2024011718;    1;   -2.1;  81.0;eor
      19207;2024011800;    1;   -5.3;  93.0;eor
      19207;2024011806;    1;   -5.0;  94.0;eor
      19207;2024011812;    1;    0.0;  81.0;eor
      19207;2024011818;    1;   -2.6;  80.0;eor
      19207;2024011900;    1;   -0.6;  86.0;eor
      19207;2024011906;    1;   -0.5;  86.0;eor
      19207;2024011912;    1;    1.5;  76.0;eor
      19207;2024011918;    1;    1.5;  81.0;eor
      19207;2024012000;    1;    1.9;  81.0;eor
      19207;2024012006;    1;    1.8;  82.0;eor
      19207;2024012012;    1;    2.6;  79.0;eor
      19207;2024012018;    1;    2.1;  83.0;eor
      19207;2024012100;    1;   -0.1;  77.0;eor
      19207;2024012106;    1;   -0.1;  57.0;eor
      19207;2024012112;    1;    2.6;  44.0;eor
      19207;2024012118;    1;    3.4;  67.0;eor
      19207;2024012200;    1;    3.8;  78.0;eor
      19207;2024012206;    1;    5.5;  85.0;eor
      19207;2024012212;    1;    8.9;  89.0;eor
      19207;2024012218;    1;    7.1;  78.0;eor
      19207;2024012300;    1;    5.7;  85.0;eor
      19207;2024012306;    1;    5.5;  82.0;eor
      19207;2024012312;    1;    7.7;  76.0;eor
      19207;2024012318;    1;    6.0;  76.0;eor
      19207;2024012400;    1;    5.4;  94.0;eor
      19207;2024012406;    1;   10.6;  82.0;eor
      19207;2024012412;    1;    8.2;  89.0;eor
      19207;2024012418;    1;    8.3;  78.0;eor
      19207;2024012500;    1;    8.2;  68.0;eor
      19207;2024012506;    1;    7.2;  72.0;eor
      19207;2024012512;    1;    7.4;  73.0;eor
      19207;2024012518;    1;    6.4;  81.0;eor
      19207;2024012600;    1;    4.5;  91.0;eor
      19207;2024012606;    1;    4.5;  87.0;eor
      19207;2024012612;    1;    7.6;  96.0;eor
      19207;2024012618;    1;    6.6;  73.0;eor
      19207;2024012700;    1;    5.3;  74.0;eor
      19207;2024012706;    1;    5.4;  81.0;eor
      19207;2024012712;    1;    6.4;  82.0;eor
      19207;2024012718;    1;    4.7;  84.0;eor
      19207;2024012800;    1;    2.2;  93.0;eor
      19207;2024012806;    1;   -0.3;  96.0;eor
      19207;2024012812;    1;    6.2;  67.0;eor
      19207;2024012818;    1;    3.5;  76.0;eor
      19207;2024012900;    1;    4.0;  68.0;eor
      19207;2024012906;    1;    1.9;  72.0;eor
      19207;2024012912;    1;    7.3;  57.0;eor
      19207;2024012918;    1;    5.2;  67.0;eor
      19207;2024013000;    1;    2.7;  82.0;eor
      19207;2024013006;    1;    1.9;  88.0;eor
      19207;2024013012;    1;    7.4;  76.0;eor
      19207;2024013018;    1;    8.6;  81.0;eor
      19207;2024013100;    1;    8.1;  87.0;eor
      19207;2024013106;    1;    5.2;  85.0;eor
      19207;2024013112;    1;    6.0;  69.0;eor
      19207;2024013118;    1;    4.0;  73.0;eor
      19207;2024020100;    1;    6.0;  71.0;eor
      19207;2024020106;    1;    4.5;  90.0;eor
      19207;2024020112;    1;    7.0;  72.0;eor
      19207;2024020118;    1;    6.0;  71.0;eor
      19207;2024020200;    1;    4.0;  86.0;eor
      19207;2024020206;    1;    4.7;  86.0;eor
      19207;2024020212;    1;    5.4;  93.0;eor
      19207;2024020218;    1;    7.2;  95.0;eor
      19207;2024020300;    1;    9.1;  87.0;eor
      19207;2024020306;    1;    9.1;  93.0;eor
      19207;2024020312;    1;   10.4;  84.0;eor
      19207;2024020318;    1;    8.0;  71.0;eor
      19207;2024020400;    1;    5.9;  80.0;eor
      19207;2024020406;    1;    6.7;  78.0;eor
      19207;2024020412;    1;    7.3;  77.0;eor
      19207;2024020418;    1;    7.2;  80.0;eor
      19207;2024020500;    1;    6.6;  98.0;eor
      19207;2024020506;    1;    7.5;  93.0;eor
      19207;2024020512;    1;    8.3;  93.0;eor
      19207;2024020518;    1;    7.9;  90.0;eor
      19207;2024020600;    1;    8.4;  89.0;eor
      19207;2024020606;    1;    8.7;  86.0;eor
      19207;2024020612;    1;    9.9;  87.0;eor
      19207;2024020618;    1;   10.0;  88.0;eor
      19207;2024020700;    1;    5.2;  86.0;eor
      19207;2024020706;    1;    4.6;  84.0;eor
      19207;2024020712;    1;    3.9;  64.0;eor
      19207;2024020718;    1;    1.2;  80.0;eor
      19207;2024020800;    1;   -0.6;  89.0;eor
      19207;2024020806;    1;    0.7;  82.0;eor
      19207;2024020812;    1;    2.3;  82.0;eor
      19207;2024020818;    1;    1.8;  88.0;eor
      19207;2024020900;    1;    1.0;  91.0;eor
      19207;2024020906;    1;    1.2;  86.0;eor
      19207;2024020912;    1;    0.8;  94.0;eor
      19207;2024020918;    1;    0.9;  98.0;eor
      19207;2024021000;    1;    1.5;  99.0;eor
      19207;2024021006;    1;    2.1; 100.0;eor
      19207;2024021012;    1;    4.1;  97.0;eor
      19207;2024021018;    1;    3.7;  99.0;eor
      19207;2024021100;    1;    3.4; 100.0;eor
      19207;2024021106;    1;    3.6; 100.0;eor
      19207;2024021112;    1;    3.7;  98.0;eor
      19207;2024021118;    1;    4.1;  98.0;eor
      19207;2024021200;    1;    4.0;  98.0;eor
      19207;2024021206;    1;    4.0;  98.0;eor
      19207;2024021212;    1;    5.7;  99.0;eor
      19207;2024021218;    1;    6.5;  81.0;eor
      19207;2024021300;    1;    6.0;  88.0;eor
      19207;2024021306;    1;    4.4;  89.0;eor
      19207;2024021312;    1;    7.7;  76.0;eor
      19207;2024021318;    1;    5.7;  94.0;eor
      19207;2024021400;    1;    4.2;  83.0;eor
      19207;2024021406;    1;    3.6;  93.0;eor
      19207;2024021412;    1;    6.1;  97.0;eor
      19207;2024021418;    1;    9.8;  96.0;eor
      19207;2024021500;    1;   10.0;  97.0;eor
      19207;2024021506;    1;   10.1;  99.0;eor
      19207;2024021512;    1;   12.3;  92.0;eor
      19207;2024021518;    1;   11.7;  98.0;eor
      19207;2024021600;    1;   11.1;  94.0;eor
      19207;2024021606;    1;    9.9;  91.0;eor
      19207;2024021612;    1;   14.7;  69.0;eor
      19207;2024021618;    1;   13.8;  79.0;eor
      19207;2024021700;    1;    9.9;  85.0;eor
      19207;2024021706;    1;    6.9;  84.0;eor
      19207;2024021712;    1;    6.5;  79.0;eor
      19207;2024021718;    1;    6.1;  75.0;eor
      19207;2024021800;    1;    4.6;  82.0;eor
      19207;2024021806;    1;    3.0;  90.0;eor
      19207;2024021812;    1;    8.1;  77.0;eor
      19207;2024021818;    1;    7.6;  95.0;eor
      19207;2024021900;    1;    7.7;  98.0;eor
      19207;2024021906;    1;    6.0;  96.0;eor
      19207;2024021912;    1;    7.4;  86.0;eor
      19207;2024021918;    1;    8.4;  89.0;eor
